ID,activity,Loop_1,Loop_2,Loop_3,Loop_4,Loop_5
LCPDWSOZIOUXRV-UHFFFAOYSA-N,0,0.005355264,7.528496e-05,0.0005599927,0.004163114,0.001178274
ARKIFHPFTHVKDT-UHFFFAOYSA-N,0,0.059574742,0.024285678,0.02461295,0.045014065,0.037750117
YLRFCQOZQXIBAB-RBZZARIASA-N,0,0.21048604,0.0056286557,0.023832573,0.1744221,0.084391356
QNLZIZAQLLYXTC-UHFFFAOYSA-N,0,0.052915752,0.0049060993,0.033004366,0.030339407,0.0070761098
DMIYKWPEFRFTPY-UHFFFAOYSA-N,0,0.026024956,0.0035943403,0.0019273271,0.0114804255,0.012377261
QZSFJRIWRPJUOH-UHFFFAOYSA-N,0,0.15527554,0.006568514,0.06992291,0.093457595,0.11310421
ZAIDIVBQUMFXEC-UHFFFAOYSA-N,0,0.0025662757,0.0014173067,0.0023795054,0.004333232,0.0035073997
CYNYIHKIEHGYOZ-UHFFFAOYSA-N,0,0.0007273933,5.058332e-05,0.0012378325,0.0009735145,0.0005762898
YFCDLVPYFMHRQZ-UHFFFAOYSA-N,0,0.0006402864,8.8952744e-05,0.00013816328,0.0016422707,0.00069137546
MXWJVTOOROXGIU-UHFFFAOYSA-N,0,0.04345433,0.0017542387,0.010308811,0.011208077,0.0048113824
VTJXFTPMFYAJJU-UHFFFAOYSA-N,1,0.85649276,0.17780894,0.9800994,0.7288578,0.6809032
HAPOVYFOVVWLRS-UHFFFAOYSA-N,0,0.0028146852,2.629925e-06,0.00041378327,0.0013244995,0.001860163
HSRJKNPTNIJEKV-UHFFFAOYSA-N,0,0.007931969,0.00029429616,0.00091770466,0.0030778225,0.00874335
JTVPZMFULRWINT-UHFFFAOYSA-N,0,0.0018040189,0.0046130195,0.00056558073,0.007503923,0.0067902566
YWJXCIXBAKGUKZ-HJJNZUOJSA-N,0,0.010353885,0.00050433975,0.021045916,0.005450174,0.081598386
YXUPZGKORWTXID-UHFFFAOYSA-N,1,0.8642793,0.9879103,0.9753144,0.7759544,0.83043087
UUKWKUSGGZNXGA-UHFFFAOYSA-N,0,0.44708773,0.41505435,0.28636009,0.49657118,0.41466594
ZJAOAACCNHFJAH-UHFFFAOYSA-N,0,0.0024008604,6.9817084e-05,0.00044661862,0.0022760374,0.0015800347
GFNANZIMVAIWHM-OBYCQNJPSA-N,0,0.056428716,0.00054613594,0.002336884,0.081599854,0.0073298183
CAHKINHBCWCHCF-JTQLQIEISA-N,0,0.0024992954,4.6169425e-06,2.3213917e-05,0.0011239097,4.9275248e-05
WUBBRNOQWQTFEX-UHFFFAOYSA-N,0,0.17239664,0.002126939,0.020336416,0.13320719,0.08892375
TUFADSGTJUOBEH-ZWNOBZJWSA-N,0,0.014541059,8.304405e-06,0.00037740453,0.001253686,0.00033610087
XFSBVAOIAHNAPC-XTHSEXKGSA-N,0,0.037853416,0.010294183,0.20814338,0.46735832,0.09818067
ONBWJWYUHXVEJS-ZTYRTETDSA-N,0,0.03789239,0.00019468872,0.0038235555,0.01480644,0.010710837
OWWLUIWOFHMHOQ-XGHATYIMSA-N,0,0.003314421,9.503546e-06,0.00019524642,0.0283551,0.0012072468
KLOIYEQEVSIOOO-UHFFFAOYSA-N,0,0.015182731,0.0028110524,0.0013767902,0.0053990306,0.012418509
NMWQEPCLNXHPDX-UHFFFAOYSA-N,1,0.2581087,0.9618107,0.6791309,0.0639678,0.6503014
ZYEPZINLLPPBMI-UHFFFAOYSA-N,0,0.28119278,0.050199457,0.14045247,0.220188,0.1949365
HVCNXQOWACZAFN-UHFFFAOYSA-N,0,8.14004e-05,1.2957638e-06,0.00036545252,0.0004952458,5.231564e-05
FQNKTJPBXAZUGC-UHFFFAOYSA-N,0,0.3711269,0.15929039,0.39524162,0.15035935,0.14833574
FXHOOIRPVKKKFG-UHFFFAOYSA-N,0,4.5588105e-05,6.0485564e-07,0.00011988552,0.0002470307,5.686588e-06
JFYZBXKLRPWSGV-UHFFFAOYSA-N,0,0.0008065758,8.22004e-06,0.00053037633,0.0006626554,0.0003286958
YRAJNWYBUCUFBD-UHFFFAOYSA-N,0,0.008648,0.001416137,0.00097413803,0.008196546,0.012432493
JTSBGMZPPPULTA-UHFFFAOYSA-N,1,0.52050334,0.97645205,0.84311587,0.81293917,0.60836977
SHYBXXMECBHHFH-UHFFFAOYSA-N,1,0.76348525,0.986086,0.8807715,0.6682959,0.65830904
YMGQBWRXNCAABF-UHFFFAOYSA-N,1,0.80743355,0.9887938,0.9361915,0.63702345,0.81795454
BIJNHUAPTJVVNQ-UHFFFAOYSA-N,1,0.90141696,0.94188374,0.9106783,0.82610834,0.82165766
VDYDAUQHTVCCBX-UHFFFAOYSA-N,0,0.057872068,0.0058038277,0.0069368808,0.0121814115,0.0038543914
PKOFBDHYTMYVGJ-UHFFFAOYSA-N,0,0.02281732,1.6595633e-05,0.00013444565,0.0015179429,0.00017906706
ZWVMLYRJXORSEP-UHFFFAOYSA-N,0,0.00096039317,5.0773786e-05,0.00036928567,0.0021891491,0.001727027
IANUJLZYFUDJIH-UHFFFAOYSA-N,0,0.29238662,0.10230869,0.24797575,0.32960755,0.15090387
UCSIFMPORANABL-UHFFFAOYSA-N,0,0.0027353598,4.7482223e-05,0.00028780714,0.0017721596,0.00037774324
FINOAUDUYKVGDS-UHFFFAOYSA-N,0,0.013841207,0.00020297457,0.0006145378,0.0067518777,0.001970872
UMIKWXDGXDJQJK-UHFFFAOYSA-N,0,0.01640218,0.0019594932,0.006474222,0.004103096,0.002858318
GXMWLJKTGBZMBH-UHFFFAOYSA-N,0,0.026360994,0.0007344199,0.0015304616,0.004920612,0.011648661
PXXJHWLDUBFPOL-UHFFFAOYSA-N,0,0.06345241,0.011277441,0.028685097,0.023198476,0.018829584
NPFVOOAXDOBMCE-PLNGDYQASA-N,0,0.0006019504,0.00048387094,0.0008654188,0.0009115344,0.0005323825
CXHFIVFPHDGZIS-UHFFFAOYSA-N,0,0.021753097,0.00012103347,0.021077333,0.037277333,0.0244877
WRDWWAVNELMWAM-UHFFFAOYSA-N,0,0.22026788,0.024389364,0.014633157,0.0831791,0.14629063
CHQOEHPMXSHGCL-UHFFFAOYSA-N,0,0.10423221,0.00013532309,0.03747794,0.18594241,0.017368363
